0.001 	0.001 	1.116 	14.487 	2.203 	1.847
0.001 	0.194	1.69	6.26565295	1.029134	0.78746785
0.001 	2.25	1.11	20.14040065	2.8529656	2.57285095
0.001 	2.35	1.11	14.38910865	2.27947245	1.8947968
0.001 	2.45	1.11	22.02159995	3.165752	2.7176588
0.001 	3.25	1.11	20.5850623	2.99118205	2.73317295
0.001 	3.41	1.11	14.05003635	2.3384383	1.9216812
0.001 	3.55	1.11	21.0173835	3.02354085	2.59788405
0.001 	4.360 	1.110 	27.752 	4.160 	3.731
0.001 	4.49	1.11	14.33300455	2.3625928	1.95082115
0.001 	4.610 	1.110 	20.419 	2.927 	2.502
0.200 	2.350 	1.670 	25.027 	4.397 	3.769
0.200 	3.41	1.67	30.6881476	5.0543831	4.26773145
0.200 	4.49	1.67	25.0733228	4.40798635	3.7908016
0.05	0.056	1.41	10.3046397	1.7010245	1.3968104
0.132	1.122	1.074	14.72263935	2.22042445	1.9204087
0.164 	2.854 	0.867 	5.545 	0.657 	0.475
0.168	1.33	1.071	29.73341115	4.221015	3.7116654
0.17	1.278	1.271	28.6093892	4.2469141	3.723772
0.188	1.268	1.678	11.7645462	1.9989493	1.59942275
0.198	1.448	1.678	12.3463847	1.9212484	1.5515388
0.209	0.001 	1.28	17.6460771	2.5950011	2.1637079
0.218	0.445	1.681	25.2485926	3.65627755	3.1771566
0.231 	0.123 	1.410 	18.111 	3.026 	2.720
0.272	1.488	1.07	29.68564705	4.31540435	3.82886245
0.351	1.33	1.071	32.43352205	4.90759605	4.35103915
0.379	0.001 	1.116	24.59990475	3.59811315	3.1044613
0.436	1.122	1.074	16.3249518	2.152568	1.85725345
0.466	0.126	1.41	27.8155753	4.3833948	3.8652406
0.492	1.448	1.678	34.1410659	5.4894534	4.8163615
0.493	1.325	1.271	41.166394	6.19134115	5.51435275
0.580 	2.854	0.867	4.02025435	0.6911975	0.46374775
0.604	1.33	1.071	41.28962815	5.78611645	5.14918265
0.645	1.488	1.07	36.31903535	5.2528317	4.5995647
0.676	0.56	1.077	5.0369002	0.75298935	0.56768695
0.696	1.268	1.678	40.39734705	6.78829365	5.7526286
0.703	0.109	1.41	38.5659232	5.44965275	4.725654
0.740 	1.122 	1.074 	23.393 	3.512 	3.058
0.804 	2.854	0.867	7.7163897	1.0126605	0.73614505
0.863 	1.330 	1.075 	43.904 	6.907 	6.182
0.892	0.56	1.077	6.03840305	0.9627236	0.73279935
0.943	0.109	1.41	40.92488135	5.6972899	4.95345285
0.983	1.325 	1.271	67.20263455	9.63436575	8.70284785
1.01	4.49	1.11	36.2302111	5.31224585	4.7575387
1.03	3.23	1.67	76.0355847	10.6963937	9.4620735
1.044	0.001 	1.116	37.88269315	5.48722235	4.79609535
1.05	3.55	1.11	30.58268045	4.16480615	3.6887042
1.062	0.482	1.681	111.2285644	16.2126952	14.4355703
1.07	3.41	1.11	39.0380006	5.6159925	5.0423938
1.07	3.41	1.67	46.74625615	7.2726839	6.35280215
1.07	4.49	1.67	47.90545955	7.36096565	6.47232635
1.088	1.448	1.678	56.4129021	9.21355055	8.1226798
1.09	1.488	1.07	35.94401915	5.4200175	4.620171
1.100 	4.610 	1.110 	32.744 	4.452 	3.933
1.110 	2.350 	1.670 	44.686 	7.197 	6.336
1.116	1.33	1.075	46.1454047	6.597816	5.8453224
1.1207	1.122	1.074	23.89837	3.3024915	2.87496655
1.130 	4.360 	1.670 	72.080 	10.150 	8.965
1.140 	2.35	1.11	34.0285707	5.02544865	4.46333755
1.15	3.250 	1.11	26.1337242	3.4842221	3.27545635
1.15	4.61	1.67	80.3244601	11.47353405	10.22092595
1.16	4.36	1.11	30.13033785	4.5217592	4.0614988
1.178	0.436	1.41	79.67677365	11.23618715	9.9819249
1.180 	2.240 	1.670 	72.438 	10.326 	9.171
1.18	2.45	1.11	30.9871824	4.21585355	3.7269
1.2	2.25	1.11	23.4436442	2.79167155	2.65471205
1.200 	2.460 	1.670 	81.630 	11.667 	10.398
1.2	3.55	1.67	82.23002245	11.73752715	10.44921385
1.256 	2.854	0.867	13.0898209	1.78038265	1.3617321
1.281	0.001 	1.116	35.5273367	5.19352275	4.53651305
1.322	0.117	1.41	31.22709555	4.9994526	4.29054975
1.336 	2.854	1.809	142.4215604	17.83006075	15.3875725
1.379	0.184	1.69	19.8955224	3.54661165	2.98313375
1.42	1.325	1.271	43.06839435	6.6653063	5.8057638
1.448	1.268	1.678	29.15366645	4.93579185	4.0854626
1.5	1.488	1.07	24.9529792	3.80380105	3.1938155
1.500 	2.240 	1.670 	43.316 	6.842 	5.939
1.51	3.25	1.11	28.92710995	4.8421764	4.31157635
1.54	2.25	1.11	30.91580775	4.68783535	4.3138866
1.54	3.23	1.67	50.07091375	7.57048085	6.63240985
1.55	1.122	1.074	18.897837	2.90300885	2.4601764
1.55	2.45	1.11	32.53577625	4.51150945	3.88911835
1.55	3.41	1.11	61.0215037	8.1498729	7.58037465
1.559 	2.854	0.867	19.71064305	3.0525462	2.4492218
1.57	4.61	1.67	70.33874705	10.06715325	8.9779529
1.58	4.36	1.11	30.89106645	4.67972565	4.16247795
1.584	0.12	1.41	31.767595	5.0531809	4.29023275
1.585 	1.330 	1.075 	31.890 	4.775 	4.055
1.643	0.56	1.077	3.11576125	0.5726603	0.37698065
1.652	0.436	1.41	66.0623941	9.2114498	8.03711505
1.670 	2.350 	1.670 	37.275 	6.370 	5.525
1.68	4.49	1.11	56.2619327	7.76144025	7.1397157
1.680 	4.610 	1.110 	31.240 	4.323 	3.722
1.681	1.448	1.678	53.10364755	8.0642511	6.82341845
1.71	3.55	1.11	31.79416015	4.39043345	3.76948055
1.72	2.35	1.11	48.1289884	6.8735476	6.2520393
1.72	3.55	1.67	66.83199	9.56916525	8.53546255
1.76	3.41	1.67	41.9507344	6.9237029	5.95590845
1.770 	2.460 	1.670 	72.373 	10.366 	9.253
1.789	0.449	1.681	79.60854895	11.8598063	10.25079465
1.81	4.36	1.67	55.08600355	8.2833942	7.27108435
1.81	4.490 	1.67	42.1751606	6.85233705	5.966573
1.898	1.325	1.271	52.41515765	7.85158745	6.65080675
1.939 	2.854	1.809	187.8491204	24.1903192	21.27311045
1.94	1.122	1.074	11.83161805	1.66887155	1.3667611
1.949	0.14	1.41	51.587758	6.4522659	5.34010115
1.990 	2.460 	1.670 	76.805 	11.191 	9.835
1.99	3.23	1.67	80.64789865	11.43295105	10.01952105
1.991	0.436	1.41	86.72197095	12.58724015	10.86904285
2	0.184	1.69	30.28333205	5.11774375	4.1918037
2	4.36	1.67	79.54141335	11.181681	9.75553365
2	4.49	1.67	75.2005842	10.9850247	9.64961035
2.009	1.33	1.075	26.2130767	3.83882885	3.21319655
2.010 	2.350 	1.670 	76.326 	11.191 	9.851
2.010 	4.610 	1.110 	22.599 	3.137 	2.618
2.021	1.488	1.07	19.0083964	2.6761415	2.16931795
2.087	2.854	0.867	7.7548874	1.25777345	0.90418165
2.1	2.45	1.11	22.9279313	3.1898152	2.6764099
2.101	1.268	1.678	37.74752915	6.8779921	5.6031661
2.110 	3.550 	1.670 	78.484 	11.412 	10.001
2.2	4.49	1.11	33.48628825	5.15718745	4.4817279
2.21	0.14	1.41	63.4142643	7.40162785	6.0841544
2.26	2.25	1.11	21.2874241	3.03188885	2.72996155
2.26	2.35	1.11	33.37658365	5.1655796	4.4684221
2.26	3.41	1.67	73.75820485	10.8139111	9.475448
2.28	0.001 	1.116	42.64602055	6.28157355	5.29728235
2.299	1.33	1.075	36.28021045	5.72839325	4.8490383
2.3	4.36	1.11	25.75180555	3.84774035	3.39783535
2.328	1.325	1.271	57.690859	8.53522615	7.18084805
2.35	3.250 	1.11	22.87483895	3.45531015	3.07583465
2.38	3.41	1.11	35.5214373	5.4380736	4.7140422
2.390 	3.550 	1.110 	22.046 	3.068 	2.570
2.395	1.122	1.074	24.19185495	3.75952145	3.1490695
2.4	4.61	1.67	76.9299944	11.21072865	9.85677875
2.410 	2.240 	1.670 	69.662 	10.068 	8.854
2.434	0.436	1.41	45.69387975	7.14301345	5.97637985
2.458 	1.488 	1.070 	23.642 	3.478 	2.856
2.490 	2.35	1.11	21.47830585	3.1567476	2.6356739
2.490 	2.350 	1.670 	57.655 	8.374 	7.341
2.500 	2.240 	1.670 	60.649 	8.826 	7.775
2.53	3.55	1.11	17.817255	2.51781115	2.08807875
2.54	4.61	1.67	62.02997085	9.02269955	7.92537455
2.548	0.522	1.681	121.2289996	17.6514894	15.17699955
2.55	3.41	1.67	61.6011236	8.95357095	7.8707378
2.55	4.61	1.11	18.5392355	2.62450805	2.184209
2.550 	4.610 	1.110 	19.229 	2.722 	2.265
2.551	0.14	1.41	45.12144395	6.2621333	5.1647915
2.56	3.25	1.11	16.01882475	2.29948635	2.0036107
2.588	2.854	0.867	10.4680207	1.5685586	1.22422425
2.590 	2.250 	1.110 	15.808 	2.170 	1.876
2.59	4.49	1.67	57.13504585	8.3095695	7.3022121
2.610 	4.490 	1.110 	24.031 	3.460 	2.906
2.620 	2.460 	1.670 	59.825 	8.713 	7.671
2.62	4.36	1.67	61.31517345	8.9162219	7.8402424
2.64	3.41	1.11	25.99918145	3.64752695	3.0699687
2.660 	2.450 	1.110 	19.304 	2.725 	2.255
2.66	4.36	1.11	22.33556425	3.17657535	2.76985175
2.666	1.122	1.074	26.54182095	4.0385712	3.39704945
2.674	1.41	1.678	44.32814395	6.84577915	5.8512032
2.69	3.55	1.67	61.3151427	8.92172895	7.83834215
2.695	1.325	1.271	48.9830285	7.27620315	6.23070385
2.701	2.854	1.809	120.89095	15.603848	13.7172166
2.71	3.23	1.67	61.18532105	8.8912042	7.80586015
2.724	0.184	1.69	21.00505715	3.59490375	2.93220225
2.745	0.56	1.077	30.58775535	4.1872915	3.4879786
2.78	0.436	1.41	51.78642145	7.6692351	6.5133966
2.794	0.184	1.41	25.7872626	4.35211135	3.70332315
2.89	1.31	1.678	12.22183065	2.16179215	1.67648635
2.92	0.293	1.074	29.01647875	4.31404135	3.5857368
2.95	1.33	1.075	38.34363395	5.7488241	4.873144
3.086	1.295	1.271	17.72609305	2.78000145	2.26610445
