lai | abs_red | abs_green | abs_blue | HLAD | VLAD 
6.0, 0.76, 0.67, 0.73, 0.5, 0.55, 394.62192543854303,  
6.5, 0.89, 0.57, 0.71, 0.49, 0.56, 386.1765756039555,  
7.1, 0.8, 0.63, 0.65, 0.52, 0.63, 374.5166975144928,  
7.2, 0.87, 0.72, 0.77, 0.54, 0.65, 358.52621389049034,  
7.2, 0.87, 0.72, 0.77, 0.54, 0.65, 358.52621389049034,  
8.5, 0.87, 0.53, 0.89, 0.47, 0.71, 347.49270487981397,  
9.1, 0.93, 0.65, 0.84, 0.58, 0.68, 330.1572114415932,  
9.1, 0.93, 0.65, 0.84, 0.58, 0.68, 330.1572114415932,  
10.5, 0.91, 0.65, 0.88, 0.53, 0.78, 312.1061192586611,  
10.9, 1.0, 0.58, 1.0, 0.48, 0.75, 307.8534827780365,  
11.0, 0.93, 0.7, 1.0, 0.65, 0.92, 303.7814308975989,  
13.5, 1.0, 0.46, 1.0, 0.53, 0.91, 302.5343451969634,  
13.8, 1.0, 0.69, 0.96, 0.65, 0.9, 290.1634902702945,  
13.8, 1.0, 0.69, 0.96, 0.65, 0.9, 290.1634902702945,  
16.3, 1.0, 0.6, 1.0, 0.58, 1.0, 280.8736693087941,  
16.3, 1.0, 0.6, 1.0, 0.58, 1.0, 280.8736693087941,  
18.1, 0.94, 0.67, 0.99, 0.79, 1.0, 277.51073583887285,  
19.3, 1.0, 0.53, 0.98, 0.63, 1.0, 276.95334337166355,  
19.7, 0.94, 0.86, 0.98, 0.82, 1.0, 263.6652472852236,  
19.7, 0.94, 0.86, 0.98, 0.82, 1.0, 263.6652472852236,  
19.7, 0.94, 0.86, 0.98, 0.82, 1.0, 263.6652472852236,  
19.7, 0.94, 0.86, 0.98, 0.82, 1.0, 263.6652472852236,  
19.7, 0.94, 0.86, 0.98, 0.82, 1.0, 263.6652472852236,  
19.7, 0.94, 0.86, 0.98, 0.82, 1.0, 263.6652472852236,  
19.7, 0.94, 0.86, 0.98, 0.82, 1.0, 263.6652472852236,  
19.9, 0.95, 0.89, 0.94, 0.9, 1.0, 263.29908793252935,  
19.9, 0.95, 0.89, 0.94, 0.9, 1.0, 263.29908793252935,  
19.8, 0.95, 0.95, 0.97, 0.79, 1.0, 262.19572740653365,  
19.8, 0.95, 0.95, 0.97, 0.79, 1.0, 262.19572740653365,  
19.8, 0.95, 0.95, 0.97, 0.79, 1.0, 262.19572740653365,  
19.8, 1.0, 0.8, 0.97, 0.72, 1.0, 261.89203775812206,  
19.8, 0.93, 1.0, 0.97, 0.91, 1.0, 261.7773879744181,  
19.5, 0.99, 0.97, 0.96, 0.72, 1.0, 259.02801647073886,  
19.5, 0.99, 0.97, 0.96, 0.72, 1.0, 259.02801647073886,  
19.6, 0.99, 1.0, 0.99, 0.71, 1.0, 257.8873284857107,  
19.6, 0.99, 1.0, 0.99, 0.71, 1.0, 257.8873284857107,  
19.6, 0.99, 1.0, 0.99, 0.71, 1.0, 257.8873284857107,  
19.6, 0.99, 1.0, 0.99, 0.71, 1.0, 257.8873284857107,  
19.6, 0.99, 1.0, 0.99, 0.71, 1.0, 257.8873284857107,  
19.3, 1.0, 0.92, 0.99, 0.52, 1.0, 257.68009857805896,  
19.3, 1.0, 0.92, 0.99, 0.52, 1.0, 257.68009857805896,  
19.3, 1.0, 0.92, 0.99, 0.52, 1.0, 257.68009857805896,  
19.4, 1.0, 0.89, 1.0, 0.35, 1.0, 257.41671656106365,  
19.3, 0.99, 0.96, 1.0, 0.4, 1.0, 256.13986077846,  
19.3, 0.99, 0.96, 1.0, 0.4, 1.0, 256.13986077846,  
19.3, 0.99, 0.96, 1.0, 0.4, 1.0, 256.13986077846,  
19.3, 0.99, 0.96, 1.0, 0.4, 1.0, 256.13986077846,  
19.0, 1.0, 0.85, 1.0, 0.09, 1.0, 252.15471616857312,  
19.0, 1.0, 0.85, 1.0, 0.09, 1.0, 252.15471616857312,  
19.0, 1.0, 0.85, 1.0, 0.09, 1.0, 252.15471616857312,  
19.0, 1.0, 0.85, 1.0, 0.09, 1.0, 252.15471616857312,  
19.0, 0.99, 0.94, 1.0, 0.1, 1.0, 251.91180732096382,  
19.0, 0.99, 0.94, 1.0, 0.1, 1.0, 251.91180732096382,  
19.0, 0.99, 0.94, 1.0, 0.1, 1.0, 251.91180732096382,  
19.0, 0.99, 0.94, 1.0, 0.1, 1.0, 251.91180732096382,  
19.0, 0.99, 0.94, 1.0, 0.1, 1.0, 251.91180732096382,  
18.9, 1.0, 0.87, 1.0, 0.02, 1.0, 251.88541971572099,  
18.9, 1.0, 0.87, 1.0, 0.02, 1.0, 251.88541971572099,  
18.9, 1.0, 0.87, 1.0, 0.02, 1.0, 251.88541971572099,  
19.0, 1.0, 0.88, 1.0, 0.02, 1.0, 251.5161211554878,  
19.0, 1.0, 0.88, 1.0, 0.02, 1.0, 251.5161211554878,  
19.2, 1.0, 0.94, 1.0, 0.11, 1.0, 251.19489504132363,  
19.2, 1.0, 0.94, 1.0, 0.11, 1.0, 251.19489504132363,  
19.2, 1.0, 0.94, 1.0, 0.11, 1.0, 251.19489504132363,  
19.2, 1.0, 0.94, 1.0, 0.11, 1.0, 251.19489504132363,  
19.2, 1.0, 0.94, 1.0, 0.11, 1.0, 251.19489504132363,  
19.1, 1.0, 0.89, 1.0, 0.06, 1.0, 250.953832369334,  

Time taken = 1564.0566635966302 minutes
Time taken = 1.8559791167577109 minutes
Time taken = 1.8412585139274598 minutes
Time taken = 1.8543119033177693 minutes
Time taken = 1.8604655146598816 minutes
Time taken = 0.4709713021914164 minutes
Time taken = 3.5381436149279275 minutes
Time taken = 2.996523582935333 minutes
Time taken = 0.25779598553975425 minutes
Time taken = 0.015317165851593017 minutes
Time taken = 0.014558637142181396 minutes
Time taken = 1.845424234867096 minutes
Time taken = 1.8577238639195761 minutes
Time taken = 1.8492470502853393 minutes
Time taken = 1.888840667406718 minutes
Time taken = 0.015070112546284993 minutes
Time taken = 0.5573340018590291 minutes
Time taken = 0.03174850145975749 minutes
Time taken = 1.834393580754598 minutes
Time taken = 1.1736836989720663 minutes
Time taken = 0.9108145157496135 minutes
Time taken = 0.08985379934310914 minutes
Time taken = 2.387873164812724 minutes
Time taken = 0.0710448980331421 minutes
Time taken = 1.8941131512324014 minutes
Time taken = 0.018786450227101643 minutes
Time taken = 0.017743134498596193 minutes
Time taken = 0.01173728307088216 minutes
Time taken = 1.8343916495641073 minutes
Time taken = 1.8994948863983154 minutes
Time taken = 0.2584100643793742 minutes
Time taken = 0.014511064688364664 minutes
Time taken = 0.09251283009847006 minutes
Time taken = 1.8725467801094056 minutes
Time taken = 0.04663323163986206 minutes
Time taken = 1.8243714690208435 minutes
Time taken = 1.895962115128835 minutes